N 38 33 23 000016 20 36 2 5 5 5 5 2 42 0015 0035 26 6 49 00000008 40 44 018 30 4 41 3 24 37 45 00032 47 13 46 9 00001 11 7 000034 22 000029 27 28 43 25 14 39 19 48 31
S 00002
S 38
S 37
S 111111
S 00000048
S 20
S 13
S 50
P
N 38876654321 33322110077 0000000022244 20 39876654321 10 1
S 00000000000000022244
S 60
S 39876654321
S 10
P
N 10
S 1
N 9998 9997 9996 9994 9995
S 1
S 10000000000000000000001
S 10
N 9998 5 9995 10000000000000000000002 10000
P
N 2 1 1000000000003
S 9998
S 10000000000000000000002
S 10000
S 1000000000003
S 1
S 9994
P
N 2
S 1
N 8 7 6 4 5
S 1
S 5
S 10
P
N 2 1 100007 3 4
S 98
S 4
S 1
S 100007
P
N 9999 0099 9000 0990 0009 0001
P 
S 9999
S 0099
S 9000
S 0001
N 69995 00595 0000200 87955
S 69995
S 87955
S 00595
P
N 1 2 3 4 5
S 6
S 10
S 3
P
N 1 5 4 3 2
S 5
S 4
S 2
S 3
P
N 112 297 207 116 132 371 137 327 436 377 332 236 363 222 266 357 392 289 370 315 60 335 387 491 86 3 27 498 128 174 233 87 303 187 201 291 77 252 53 76 283 277 31 428 284 169 345 452 260 247 134 40 271 432 143 185 454 75 156 483 343 51 482 488 210 23 429 92 417 35 416 434 372 478 347 280 1 379 88 120 22 265 326 52 378 211 274 177 54 395 336 273 205 144 114 422 305 353 73 369 113 493 457 119 463 324 453 126 6 145 85 104 155 22 449 406 91 497 32 68 109 129 275 90 462 212 433 287 47 374 56 399 139 107 364 443 55 89 424 367 62 123 64 214 285 16 420 69 350 386 48 366 234 464 467 148 496 170 43 229 269 472 25 39 475 286 375 15 240 37 381 476 246 150 410 441 230 368 197 469 95 8 254 316 1 176 309 490 481 263 408 485 131 418 57 59 94 135 160 81 130 484 447 293 167 348 450 124 423 151 11 149 118 412 184 413 168 376 30 4 26 142 159 272 352 319 147 361 125 255 66 41 110 489 161 344 84 189 394 173 17 415 440 351 396 391 13 65 72 63 258 220 461 209 256 172 281 199 153 216 466 218 193 487 36 459 38 390 455 494 259 83 356 250 93 46 198 323 165 242 96 340 179 288 451 99 5 5 5 97 495 101 486 188 499 194 98 474 29 192 313 228 157 360 359 19 383 200 358 270 74 45 108 304 298 430 445 264 248 164 166 238 71 162 355 388 235 257 239 299 12 154 294 311 321 295 407 456 276 427 333 431 226 181 437 225 342 468 389 267 414 438 401 292 426 470 402 279 221 217 320 70 9 33 103 136 102 477 219 232 492 268 400 133 397 115 282 186 34 182 405 411 111 414 249 244 385 349 314 202 213 146 302 195 308 380 243 204 334 409 329 183 196 28 203 42 439 117 425 419 403 82 444 152 2 330 24 227 331 100 253 480 178 307 190 262 224 479 78 458 460 21 278 58 310 354 241 373 393 296 245 435 191 290 223 206 384 404 301 346 7 140 127 322 473 80 215 362 328 61 231 261 10 237 312 251 465 382 421 158 20 300 448 67 338 141 106 105 18 175 122 398 442 121 208 138 49 79 446 471 163 365 14 44 337 50 306 317 318 1
S 1
S 512
S 444
S 111111
S 112
S 124
S 333
