0000

011
-1
110111
0001
000011011
-1
38 33 23 16 2 1 5 4 3 15 6 8 7 13 9 11 14 20 18 19 22 26 24 25 30 29 27 28 32 31 36 35 34 37 42 40 39 41 49 44 43 45 47 46 48
00
-1
1
0000
38876654321 33322110077 22244 20 10 1 39876654321
-1
-1
-1
-1
9998 5 9995 10000000000000000000002 10000
-1
-1
-1
1
0
-1
2 1 1000000000003
-1
-1
0001
-1
8 7 6 4 5
-1
101
0
1
2 1 100007 3 4
9999 99 9 1 9000 990

0
01
000

1
0
69995 595 200 87955
-1
-1
11
1 2 3 4 5
1
10
1000
100
1 5 4 3 2
000
-1
1111000100
-1

100100101
11011000
